{
 "cells": [
  {
   "cell_type": "markdown",
   "metadata": {},
   "source": [
    "### NYU ECON-GA-3001 Applied Time Series \n",
    "# Python Project: *A Comprehensive Investigation on the Long-run and Short-run Determinants of U.S. Equity Market*\n",
    "## Kuanghui Shen\n",
    "\n",
    "---\n",
    "\n",
    "### Summary\n",
    "\n",
    "This study aims to investigate the key factors that drive the price fluctuation of the U.S. equity market over the period of January 1992 to February 2023. Existing literature has provided plenty evidence on the associations between equity price movement and macroeconomic variables, but few jointly considers the effects outside economic fundamentals such as investor behavior. So in this study, three dimensions of factors–economy, valuation and sentiment–are included in the model to provide a more comprehensive framework in equity pricing. Using a vector error correction model, the study reveals the long-run and short-run dynamic relationships between the three dimensions and the U.S. equity market. The results show that valuation and sentiment are two important dimensions for the U.S. equity market. Timing of how these dimensions affect equity price movement is also proven to be crucial. The findings support the notion that examining the long-run and short-run determinants of financial assets through a VECM can improve strategic and tactical asset allocation performance.\n",
    "\n",
    "---\n",
    "\n",
    "### Steps\n",
    "\n",
    "* Pre-modeling : (1) Data Cleaning (2) ADF Test for stationarity (3) Correlation test (4) Variable Selection\n",
    "* Modeling : (5) VAR lag order selection (6) Cointegration test (7) VECM modeling (8) Diagnostics\n",
    "* Model Results : (9) VECM estimation (10) Granger-causality test (11) Impulse response (12) Variance decomposition (13) out-of-sample forecasting\n",
    "\n",
    "--- "
   ]
  },
  {
   "cell_type": "code",
   "execution_count": 1,
   "metadata": {
    "id": "8e4LrSau0XOT"
   },
   "outputs": [],
   "source": [
    "import pandas as pd\n",
    "import numpy as np\n",
    "import matplotlib.pyplot as plt\n",
    "import seaborn as sn\n",
    "from statsmodels.tsa.stattools import adfuller\n",
    "from statsmodels.tsa.api import VAR\n",
    "from statsmodels.tsa.vector_ar.vecm import select_coint_rank      \n",
    "from statsmodels.tsa.vector_ar.vecm import coint_johansen\n",
    "from statsmodels.tsa.vector_ar import vecm\n",
    "from sklearn.metrics import mean_absolute_error, mean_squared_error\n",
    "from statsmodels.tsa.stattools import grangercausalitytests\n",
    "import warnings\n",
    "warnings.filterwarnings(\"ignore\")"
   ]
  },
  {
   "cell_type": "code",
   "execution_count": 20,
   "metadata": {
    "colab": {
     "base_uri": "https://localhost:8080/",
     "height": 653
    },
    "executionInfo": {
     "elapsed": 1023,
     "status": "ok",
     "timestamp": 1681484531928,
     "user": {
      "displayName": "Kuang Hui Shen",
      "userId": "12438122707923605188"
     },
     "user_tz": 240
    },
    "id": "ZhCEgTwA1j86",
    "outputId": "60279b37-518f-4f54-e6fe-6a77f1f98532"
   },
   "outputs": [
    {
     "name": "stdout",
     "output_type": "stream",
     "text": [
      "<class 'pandas.core.frame.DataFrame'>\n",
      "RangeIndex: 374 entries, 0 to 373\n",
      "Data columns (total 16 columns):\n",
      " #   Column  Non-Null Count  Dtype         \n",
      "---  ------  --------------  -----         \n",
      " 0   date    374 non-null    datetime64[ns]\n",
      " 1   SPX     374 non-null    float64       \n",
      " 2   PMI     374 non-null    float64       \n",
      " 3   IP      374 non-null    float64       \n",
      " 4   RS      374 non-null    float64       \n",
      " 5   CPI     374 non-null    float64       \n",
      " 6   10Y%    374 non-null    float64       \n",
      " 7   EFFR    374 non-null    float64       \n",
      " 8   M2      374 non-null    float64       \n",
      " 9   P/E     374 non-null    float64       \n",
      " 10  P/B     374 non-null    float64       \n",
      " 11  P/S     374 non-null    float64       \n",
      " 12  VIX     374 non-null    float64       \n",
      " 13  CS      350 non-null    float64       \n",
      " 14  VOL     374 non-null    int64         \n",
      " 15  CFTC    306 non-null    float64       \n",
      "dtypes: datetime64[ns](1), float64(14), int64(1)\n",
      "memory usage: 46.9 KB\n"
     ]
    }
   ],
   "source": [
    "df = pd.read_excel(\"/Users/wayne/Library/CloudStorage/GoogleDrive-wayne22512878@gmail.com/My Drive/Programming/NYU Spring 2024 Time-series project (colab)/data/df.xlsx\")\n",
    "df.info()\n",
    "\n",
    "# Based on existing literature, several indicators are selected as the independent variables that represent \n",
    "# each dimension of factors to explain the price movement of S&P 500 Index"
   ]
  },
  {
   "cell_type": "markdown",
   "metadata": {},
   "source": [
    "<img src="https://github.com/wayne-kuanghui-shen/python-spx_pricing_vecm_modeling/blob/main/highlights/VECM_ECMs.png" >"
   ]
  },
  {
   "cell_type": "code",
   "execution_count": 3,
   "metadata": {},
   "outputs": [
    {
     "data": {
      "text/html": [
       "<div>\n",
       "<style scoped>\n",
       "    .dataframe tbody tr th:only-of-type {\n",
       "        vertical-align: middle;\n",
       "    }\n",
       "\n",
       "    .dataframe tbody tr th {\n",
       "        vertical-align: top;\n",
       "    }\n",
       "\n",
       "    .dataframe thead th {\n",
       "        text-align: right;\n",
       "    }\n",
       "</style>\n",
       "<table border=\"1\" class=\"dataframe\">\n",
       "  <thead>\n",
       "    <tr style=\"text-align: right;\">\n",
       "      <th></th>\n",
       "      <th>date</th>\n",
       "      <th>SPX</th>\n",
       "      <th>PMI</th>\n",
       "      <th>IP</th>\n",
       "      <th>RS</th>\n",
       "      <th>CPI</th>\n",
       "      <th>10Y%</th>\n",
       "      <th>EFFR</th>\n",
       "      <th>M2</th>\n",
       "      <th>P/E</th>\n",
       "      <th>P/B</th>\n",
       "      <th>P/S</th>\n",
       "      <th>VIX</th>\n",
       "      <th>CS</th>\n",
       "      <th>VOL</th>\n",
       "      <th>CFTC</th>\n",
       "    </tr>\n",
       "  </thead>\n",
       "  <tbody>\n",
       "    <tr>\n",
       "      <th>68</th>\n",
       "      <td>1997-09-30</td>\n",
       "      <td>947.2800</td>\n",
       "      <td>53.9</td>\n",
       "      <td>82.0380</td>\n",
       "      <td>230.312</td>\n",
       "      <td>161.200</td>\n",
       "      <td>6.1030</td>\n",
       "      <td>5.54</td>\n",
       "      <td>3973.1001</td>\n",
       "      <td>21.8770</td>\n",
       "      <td>3.8278</td>\n",
       "      <td>1.5271</td>\n",
       "      <td>22.91</td>\n",
       "      <td>2.35</td>\n",
       "      <td>9040000000</td>\n",
       "      <td>116.0</td>\n",
       "    </tr>\n",
       "    <tr>\n",
       "      <th>69</th>\n",
       "      <td>1997-10-31</td>\n",
       "      <td>914.6200</td>\n",
       "      <td>56.4</td>\n",
       "      <td>82.7657</td>\n",
       "      <td>229.836</td>\n",
       "      <td>161.500</td>\n",
       "      <td>5.8310</td>\n",
       "      <td>5.50</td>\n",
       "      <td>3992.3000</td>\n",
       "      <td>21.1212</td>\n",
       "      <td>3.7229</td>\n",
       "      <td>1.4861</td>\n",
       "      <td>35.09</td>\n",
       "      <td>2.39</td>\n",
       "      <td>11909999616</td>\n",
       "      <td>6260.0</td>\n",
       "    </tr>\n",
       "    <tr>\n",
       "      <th>70</th>\n",
       "      <td>1997-11-30</td>\n",
       "      <td>955.4000</td>\n",
       "      <td>55.7</td>\n",
       "      <td>83.4321</td>\n",
       "      <td>230.440</td>\n",
       "      <td>161.700</td>\n",
       "      <td>5.8740</td>\n",
       "      <td>5.52</td>\n",
       "      <td>4014.8000</td>\n",
       "      <td>21.6209</td>\n",
       "      <td>3.7968</td>\n",
       "      <td>1.5676</td>\n",
       "      <td>27.43</td>\n",
       "      <td>2.66</td>\n",
       "      <td>8390000128</td>\n",
       "      <td>9964.0</td>\n",
       "    </tr>\n",
       "    <tr>\n",
       "      <th>71</th>\n",
       "      <td>1997-12-31</td>\n",
       "      <td>970.4300</td>\n",
       "      <td>54.5</td>\n",
       "      <td>83.7826</td>\n",
       "      <td>231.181</td>\n",
       "      <td>161.800</td>\n",
       "      <td>5.7420</td>\n",
       "      <td>5.50</td>\n",
       "      <td>4032.8999</td>\n",
       "      <td>21.9900</td>\n",
       "      <td>3.8568</td>\n",
       "      <td>1.5566</td>\n",
       "      <td>24.01</td>\n",
       "      <td>2.88</td>\n",
       "      <td>9880000512</td>\n",
       "      <td>11540.0</td>\n",
       "    </tr>\n",
       "    <tr>\n",
       "      <th>72</th>\n",
       "      <td>1998-01-31</td>\n",
       "      <td>980.2800</td>\n",
       "      <td>53.8</td>\n",
       "      <td>84.1656</td>\n",
       "      <td>231.587</td>\n",
       "      <td>162.000</td>\n",
       "      <td>5.5050</td>\n",
       "      <td>5.56</td>\n",
       "      <td>4056.2000</td>\n",
       "      <td>22.2219</td>\n",
       "      <td>3.9014</td>\n",
       "      <td>1.5745</td>\n",
       "      <td>21.47</td>\n",
       "      <td>2.92</td>\n",
       "      <td>10449999872</td>\n",
       "      <td>-2710.0</td>\n",
       "    </tr>\n",
       "    <tr>\n",
       "      <th>...</th>\n",
       "      <td>...</td>\n",
       "      <td>...</td>\n",
       "      <td>...</td>\n",
       "      <td>...</td>\n",
       "      <td>...</td>\n",
       "      <td>...</td>\n",
       "      <td>...</td>\n",
       "      <td>...</td>\n",
       "      <td>...</td>\n",
       "      <td>...</td>\n",
       "      <td>...</td>\n",
       "      <td>...</td>\n",
       "      <td>...</td>\n",
       "      <td>...</td>\n",
       "      <td>...</td>\n",
       "      <td>...</td>\n",
       "    </tr>\n",
       "    <tr>\n",
       "      <th>369</th>\n",
       "      <td>2022-10-31</td>\n",
       "      <td>3871.9800</td>\n",
       "      <td>50.0</td>\n",
       "      <td>103.3696</td>\n",
       "      <td>691.844</td>\n",
       "      <td>297.987</td>\n",
       "      <td>4.0478</td>\n",
       "      <td>3.08</td>\n",
       "      <td>21424.4004</td>\n",
       "      <td>18.5582</td>\n",
       "      <td>3.9215</td>\n",
       "      <td>2.3155</td>\n",
       "      <td>25.88</td>\n",
       "      <td>4.64</td>\n",
       "      <td>15280000000</td>\n",
       "      <td>-197860.0</td>\n",
       "    </tr>\n",
       "    <tr>\n",
       "      <th>370</th>\n",
       "      <td>2022-11-30</td>\n",
       "      <td>4080.1101</td>\n",
       "      <td>49.0</td>\n",
       "      <td>103.0258</td>\n",
       "      <td>684.411</td>\n",
       "      <td>298.598</td>\n",
       "      <td>3.6054</td>\n",
       "      <td>3.78</td>\n",
       "      <td>21376.5996</td>\n",
       "      <td>19.2523</td>\n",
       "      <td>4.1482</td>\n",
       "      <td>2.3687</td>\n",
       "      <td>20.58</td>\n",
       "      <td>4.48</td>\n",
       "      <td>14129999872</td>\n",
       "      <td>-154452.0</td>\n",
       "    </tr>\n",
       "    <tr>\n",
       "      <th>371</th>\n",
       "      <td>2022-12-31</td>\n",
       "      <td>3839.5000</td>\n",
       "      <td>48.4</td>\n",
       "      <td>101.6086</td>\n",
       "      <td>678.815</td>\n",
       "      <td>298.990</td>\n",
       "      <td>3.8748</td>\n",
       "      <td>4.10</td>\n",
       "      <td>21325.1992</td>\n",
       "      <td>18.1686</td>\n",
       "      <td>3.9058</td>\n",
       "      <td>2.2291</td>\n",
       "      <td>21.67</td>\n",
       "      <td>4.69</td>\n",
       "      <td>14499999744</td>\n",
       "      <td>-152345.0</td>\n",
       "    </tr>\n",
       "    <tr>\n",
       "      <th>372</th>\n",
       "      <td>2023-01-31</td>\n",
       "      <td>4076.6001</td>\n",
       "      <td>47.4</td>\n",
       "      <td>102.0205</td>\n",
       "      <td>700.682</td>\n",
       "      <td>300.536</td>\n",
       "      <td>3.5069</td>\n",
       "      <td>4.33</td>\n",
       "      <td>21183.5000</td>\n",
       "      <td>19.2915</td>\n",
       "      <td>4.1470</td>\n",
       "      <td>2.3664</td>\n",
       "      <td>19.40</td>\n",
       "      <td>4.20</td>\n",
       "      <td>13080000512</td>\n",
       "      <td>-187229.0</td>\n",
       "    </tr>\n",
       "    <tr>\n",
       "      <th>373</th>\n",
       "      <td>2023-02-28</td>\n",
       "      <td>3970.1499</td>\n",
       "      <td>47.7</td>\n",
       "      <td>102.0040</td>\n",
       "      <td>697.876</td>\n",
       "      <td>301.648</td>\n",
       "      <td>3.9200</td>\n",
       "      <td>4.57</td>\n",
       "      <td>21062.5000</td>\n",
       "      <td>18.9699</td>\n",
       "      <td>3.9219</td>\n",
       "      <td>2.2521</td>\n",
       "      <td>20.70</td>\n",
       "      <td>4.12</td>\n",
       "      <td>12679999488</td>\n",
       "      <td>-141687.0</td>\n",
       "    </tr>\n",
       "  </tbody>\n",
       "</table>\n",
       "<p>306 rows × 16 columns</p>\n",
       "</div>"
      ],
      "text/plain": [
       "          date        SPX   PMI        IP       RS      CPI    10Y%  EFFR  \\\n",
       "68  1997-09-30   947.2800  53.9   82.0380  230.312  161.200  6.1030  5.54   \n",
       "69  1997-10-31   914.6200  56.4   82.7657  229.836  161.500  5.8310  5.50   \n",
       "70  1997-11-30   955.4000  55.7   83.4321  230.440  161.700  5.8740  5.52   \n",
       "71  1997-12-31   970.4300  54.5   83.7826  231.181  161.800  5.7420  5.50   \n",
       "72  1998-01-31   980.2800  53.8   84.1656  231.587  162.000  5.5050  5.56   \n",
       "..         ...        ...   ...       ...      ...      ...     ...   ...   \n",
       "369 2022-10-31  3871.9800  50.0  103.3696  691.844  297.987  4.0478  3.08   \n",
       "370 2022-11-30  4080.1101  49.0  103.0258  684.411  298.598  3.6054  3.78   \n",
       "371 2022-12-31  3839.5000  48.4  101.6086  678.815  298.990  3.8748  4.10   \n",
       "372 2023-01-31  4076.6001  47.4  102.0205  700.682  300.536  3.5069  4.33   \n",
       "373 2023-02-28  3970.1499  47.7  102.0040  697.876  301.648  3.9200  4.57   \n",
       "\n",
       "             M2      P/E     P/B     P/S    VIX    CS          VOL      CFTC  \n",
       "68    3973.1001  21.8770  3.8278  1.5271  22.91  2.35   9040000000     116.0  \n",
       "69    3992.3000  21.1212  3.7229  1.4861  35.09  2.39  11909999616    6260.0  \n",
       "70    4014.8000  21.6209  3.7968  1.5676  27.43  2.66   8390000128    9964.0  \n",
       "71    4032.8999  21.9900  3.8568  1.5566  24.01  2.88   9880000512   11540.0  \n",
       "72    4056.2000  22.2219  3.9014  1.5745  21.47  2.92  10449999872   -2710.0  \n",
       "..          ...      ...     ...     ...    ...   ...          ...       ...  \n",
       "369  21424.4004  18.5582  3.9215  2.3155  25.88  4.64  15280000000 -197860.0  \n",
       "370  21376.5996  19.2523  4.1482  2.3687  20.58  4.48  14129999872 -154452.0  \n",
       "371  21325.1992  18.1686  3.9058  2.2291  21.67  4.69  14499999744 -152345.0  \n",
       "372  21183.5000  19.2915  4.1470  2.3664  19.40  4.20  13080000512 -187229.0  \n",
       "373  21062.5000  18.9699  3.9219  2.2521  20.70  4.12  12679999488 -141687.0  \n",
       "\n",
       "[306 rows x 16 columns]"
      ]
     },
     "execution_count": 3,
     "metadata": {},
     "output_type": "execute_result"
    }
   ],
   "source": [
    "notna_df = df.iloc[df.notna().all(axis=1).idxmax():,:]\n",
    "notna_df"
   ]
  },
  {
   "cell_type": "code",
   "execution_count": 29,
   "metadata": {},
   "outputs": [
    {
     "name": "stdout",
     "output_type": "stream",
     "text": [
      "ADF Statistic(n) p-value: [level]0.9992453163788699; [diff]3.0106845867902458e-05\n",
      "ADF Statistic(c) p-value: [level]0.9981947879048227; [diff]4.343445574646314e-06\n",
      "ADF Statistic(ct) p-value: [level]0.9893373149004238; [diff]3.4407668319379075e-06\n",
      "=> \"SPX\" series is I(1)\n",
      "\n",
      "ADF Statistic(n) p-value: [level]0.5027212990288215; [diff]4.146695842294291e-28\n",
      "ADF Statistic(c) p-value: [level]0.0003132019594370496; [diff]2.626879263364206e-29\n",
      "ADF Statistic(ct) p-value: [level]0.001278307238581673; [diff]0.0\n",
      "=> \"PMI\" series is mixed I(0)\n",
      "\n",
      "ADF Statistic(n) p-value: [level]0.8849868532116159; [diff]1.1313084648295362e-23\n",
      "ADF Statistic(c) p-value: [level]0.1472912641906154; [diff]2.466511027188297e-24\n",
      "ADF Statistic(ct) p-value: [level]0.01571680031091663; [diff]1.287217148503883e-20\n",
      "=> \"IP\" series is mixed I(0)\n",
      "\n",
      "ADF Statistic(n) p-value: [level]0.9996194436054064; [diff]0.000507486622291344\n",
      "ADF Statistic(c) p-value: [level]0.9970078207202372; [diff]0.0003538786042739811\n",
      "ADF Statistic(ct) p-value: [level]0.9831795084016939; [diff]0.0008570200290046871\n",
      "=> \"RS\" series is I(1)\n",
      "\n",
      "ADF Statistic(n) p-value: [level]0.9999463469644002; [diff]0.30275644434092697\n",
      "ADF Statistic(c) p-value: [level]0.9971961364693314; [diff]0.17313775458142772\n",
      "ADF Statistic(ct) p-value: [level]0.8387613986642353; [diff]0.011901846929977726\n",
      "=> \"CPI\" series is I(1)\n",
      "\n",
      "ADF Statistic(n) p-value: [level]0.18730484533301311; [diff]6.5616289154365e-24\n",
      "ADF Statistic(c) p-value: [level]0.23791797304599815; [diff]1.5857230621440965e-24\n",
      "ADF Statistic(ct) p-value: [level]0.44405765289214594; [diff]7.91195987657377e-21\n",
      "=> \"10Y%\" series is I(1)\n",
      "\n",
      "ADF Statistic(n) p-value: [level]0.06631252248048253; [diff]0.0002936525383484597\n",
      "ADF Statistic(c) p-value: [level]0.07712363459899291; [diff]0.005389968439817941\n",
      "ADF Statistic(ct) p-value: [level]0.3466662246250495; [diff]0.016440697691813538\n",
      "=> \"EFFR\" series is I(1)\n",
      "\n",
      "ADF Statistic(n) p-value: [level]0.9998618695533819; [diff]0.04137076441924406\n",
      "ADF Statistic(c) p-value: [level]0.9961943525076289; [diff]3.668816315725938e-05\n",
      "ADF Statistic(ct) p-value: [level]0.9107284215791001; [diff]9.327414782863388e-05\n",
      "=> \"M2\" series is I(1)\n",
      "\n",
      "ADF Statistic(n) p-value: [level]0.3849019310462982; [diff]9.868910768097353e-13\n",
      "ADF Statistic(c) p-value: [level]0.1374411852256759; [diff]8.364734951721678e-12\n",
      "ADF Statistic(ct) p-value: [level]0.38254156080002105; [diff]2.3931120928224265e-10\n",
      "=> \"P/E\" series is I(1)\n",
      "\n",
      "ADF Statistic(n) p-value: [level]0.5657081150103811; [diff]1.748304554666746e-17\n",
      "ADF Statistic(c) p-value: [level]0.5645706156057957; [diff]3.957048555163492e-17\n",
      "ADF Statistic(ct) p-value: [level]0.8802041189894418; [diff]3.1693424421057146e-15\n",
      "=> \"P/B\" series is I(1)\n",
      "\n",
      "ADF Statistic(n) p-value: [level]0.7128801744425756; [diff]2.7684726789098944e-16\n",
      "ADF Statistic(c) p-value: [level]0.5296109865552947; [diff]8.313132937685533e-16\n",
      "ADF Statistic(ct) p-value: [level]0.6263072034544028; [diff]6.161365935912546e-14\n",
      "=> \"P/S\" series is I(1)\n",
      "\n",
      "ADF Statistic(n) p-value: [level]0.27926475892597113; [diff]3.534838508082707e-18\n",
      "ADF Statistic(c) p-value: [level]2.806802477159452e-07; [diff]6.404557225185523e-18\n",
      "ADF Statistic(ct) p-value: [level]2.3957449005167304e-06; [diff]1.0012840949865705e-15\n",
      "=> \"VIX\" series is mixed I(0)\n",
      "\n",
      "ADF Statistic(n) p-value: [level]0.2652259533509599; [diff]3.4343945999331957e-13\n",
      "ADF Statistic(c) p-value: [level]0.0040072940169257705; [diff]2.6558914127254325e-12\n",
      "ADF Statistic(ct) p-value: [level]0.013057978001265062; [diff]7.804026088190081e-11\n",
      "=> \"CS\" series is mixed I(0)\n",
      "\n",
      "ADF Statistic(n) p-value: [level]0.4421930050859852; [diff]0.00021690757247081144\n",
      "ADF Statistic(c) p-value: [level]0.4266551388001113; [diff]0.003987019963844757\n",
      "ADF Statistic(ct) p-value: [level]0.07180913937640267; [diff]0.01798660804575833\n",
      "=> \"VOL\" series is I(1)\n",
      "\n",
      "ADF Statistic(n) p-value: [level]1.712868807375361e-08; [diff]3.137962698066363e-17\n",
      "ADF Statistic(c) p-value: [level]2.9068222217471756e-07; [diff]7.566453061663111e-17\n",
      "ADF Statistic(ct) p-value: [level]3.546657085085635e-06; [diff]7.869703958528128e-15\n",
      "=> \"CFTC\" series is I(0)\n",
      "\n"
     ]
    }
   ],
   "source": [
    "## ADF test\n",
    "\n",
    "def ADF_test(col_list):\n",
    "    for col in col_list:\n",
    "        col_diff = notna_df[col].diff().dropna()\n",
    "        results = {}\n",
    "        \n",
    "        for reg_type in ['n', 'c', 'ct']:\n",
    "        # “n” : no constant, no trend \n",
    "        # “c” : constant only (default) \n",
    "        # “ct” : constant and trend\n",
    "            test_level = adfuller(notna_df[col], autolag='AIC', regression=reg_type)\n",
    "            test_diff = adfuller(col_diff, autolag='AIC', regression=reg_type)\n",
    "            \n",
    "            results[reg_type] = {'level': test_level[1],'diff': test_diff[1]}\n",
    "            print(f'ADF Statistic({reg_type}) p-value: [level]{test_level[1]}; [diff]{test_diff[1]}')\n",
    "\n",
    "        p_values_level = [results[reg_type]['level'] for reg_type in ['n', 'c', 'ct']]\n",
    "        p_values_diff = [results[reg_type]['diff'] for reg_type in ['n', 'c', 'ct']]\n",
    "\n",
    "        if all(p_val < 0.05 for p_val in p_values_level):\n",
    "            print(f'=> \"{col}\" series is I(0)')\n",
    "        elif any(p_val < 0.05 for p_val in p_values_level) and any(p_val > 0.05 for p_val in p_values_level):\n",
    "            print(f'=> \"{col}\" series is mixed I(0)')\n",
    "        elif any(p_val > 0.05 for p_val in p_values_level) and any(p_val < 0.05 for p_val in p_values_diff):\n",
    "            print(f'=> \"{col}\" series is I(1)')\n",
    "        else:\n",
    "            print(f'=> \"{col}\" series is I(2) or above')\n",
    "        \n",
    "        print()\n",
    "        \n",
    "cols = list(notna_df.drop('date', axis=1).columns)\n",
    "ADF_test(cols)\n",
    "\n",
    "# Test results\n",
    "    # I(0): CFTC\n",
    "    # mixed I(0): PMI, IP, VIX, CS\n",
    "    # I(1): SPX, RS, CPI, 10Y%, EFFR, M2, P/E, P/B, P/S, volume => eligible for VECM modeling"
   ]
  },
  {
   "cell_type": "code",
   "execution_count": 25,
   "metadata": {},
   "outputs": [
    {
     "data": {
      "text/html": [
       "<div>\n",
       "<style scoped>\n",
       "    .dataframe tbody tr th:only-of-type {\n",
       "        vertical-align: middle;\n",
       "    }\n",
       "\n",
       "    .dataframe tbody tr th {\n",
       "        vertical-align: top;\n",
       "    }\n",
       "\n",
       "    .dataframe thead th {\n",
       "        text-align: right;\n",
       "    }\n",
       "</style>\n",
       "<table border=\"1\" class=\"dataframe\">\n",
       "  <thead>\n",
       "    <tr style=\"text-align: right;\">\n",
       "      <th></th>\n",
       "      <th>SPX</th>\n",
       "      <th>PMI</th>\n",
       "      <th>IP</th>\n",
       "      <th>RS</th>\n",
       "      <th>CPI</th>\n",
       "      <th>10Y%</th>\n",
       "      <th>EFFR</th>\n",
       "      <th>M2</th>\n",
       "      <th>P/E</th>\n",
       "      <th>P/B</th>\n",
       "      <th>P/S</th>\n",
       "      <th>VIX</th>\n",
       "      <th>CS</th>\n",
       "      <th>VOL</th>\n",
       "      <th>CFTC</th>\n",
       "    </tr>\n",
       "  </thead>\n",
       "  <tbody>\n",
       "    <tr>\n",
       "      <th>SPX</th>\n",
       "      <td>1.000000</td>\n",
       "      <td>0.264405</td>\n",
       "      <td>0.671992</td>\n",
       "      <td>0.939347</td>\n",
       "      <td>0.878969</td>\n",
       "      <td>-0.692126</td>\n",
       "      <td>-0.410903</td>\n",
       "      <td>0.955133</td>\n",
       "      <td>0.135877</td>\n",
       "      <td>0.491163</td>\n",
       "      <td>0.901491</td>\n",
       "      <td>0.043667</td>\n",
       "      <td>-0.204914</td>\n",
       "      <td>-0.063903</td>\n",
       "      <td>0.100525</td>\n",
       "    </tr>\n",
       "    <tr>\n",
       "      <th>PMI</th>\n",
       "      <td>0.264405</td>\n",
       "      <td>1.000000</td>\n",
       "      <td>0.130330</td>\n",
       "      <td>0.216994</td>\n",
       "      <td>0.172046</td>\n",
       "      <td>-0.066753</td>\n",
       "      <td>-0.174644</td>\n",
       "      <td>0.222445</td>\n",
       "      <td>0.237294</td>\n",
       "      <td>0.163081</td>\n",
       "      <td>0.324619</td>\n",
       "      <td>-0.394701</td>\n",
       "      <td>-0.624394</td>\n",
       "      <td>-0.273584</td>\n",
       "      <td>0.087192</td>\n",
       "    </tr>\n",
       "    <tr>\n",
       "      <th>IP</th>\n",
       "      <td>0.671992</td>\n",
       "      <td>0.130330</td>\n",
       "      <td>1.000000</td>\n",
       "      <td>0.801240</td>\n",
       "      <td>0.820139</td>\n",
       "      <td>-0.758581</td>\n",
       "      <td>-0.451216</td>\n",
       "      <td>0.674739</td>\n",
       "      <td>-0.314613</td>\n",
       "      <td>0.180001</td>\n",
       "      <td>0.633660</td>\n",
       "      <td>0.087783</td>\n",
       "      <td>0.025228</td>\n",
       "      <td>0.415151</td>\n",
       "      <td>-0.077991</td>\n",
       "    </tr>\n",
       "    <tr>\n",
       "      <th>RS</th>\n",
       "      <td>0.939347</td>\n",
       "      <td>0.216994</td>\n",
       "      <td>0.801240</td>\n",
       "      <td>1.000000</td>\n",
       "      <td>0.981871</td>\n",
       "      <td>-0.819791</td>\n",
       "      <td>-0.577224</td>\n",
       "      <td>0.976342</td>\n",
       "      <td>-0.142229</td>\n",
       "      <td>0.224514</td>\n",
       "      <td>0.757502</td>\n",
       "      <td>0.061534</td>\n",
       "      <td>-0.075609</td>\n",
       "      <td>0.046948</td>\n",
       "      <td>0.046478</td>\n",
       "    </tr>\n",
       "    <tr>\n",
       "      <th>CPI</th>\n",
       "      <td>0.878969</td>\n",
       "      <td>0.172046</td>\n",
       "      <td>0.820139</td>\n",
       "      <td>0.981871</td>\n",
       "      <td>1.000000</td>\n",
       "      <td>-0.878858</td>\n",
       "      <td>-0.659322</td>\n",
       "      <td>0.955745</td>\n",
       "      <td>-0.253829</td>\n",
       "      <td>0.093110</td>\n",
       "      <td>0.668202</td>\n",
       "      <td>0.092748</td>\n",
       "      <td>0.018341</td>\n",
       "      <td>0.060683</td>\n",
       "      <td>0.055593</td>\n",
       "    </tr>\n",
       "    <tr>\n",
       "      <th>10Y%</th>\n",
       "      <td>-0.692126</td>\n",
       "      <td>-0.066753</td>\n",
       "      <td>-0.758581</td>\n",
       "      <td>-0.819791</td>\n",
       "      <td>-0.878858</td>\n",
       "      <td>1.000000</td>\n",
       "      <td>0.818545</td>\n",
       "      <td>-0.807842</td>\n",
       "      <td>0.265956</td>\n",
       "      <td>0.069164</td>\n",
       "      <td>-0.519946</td>\n",
       "      <td>-0.148995</td>\n",
       "      <td>-0.191923</td>\n",
       "      <td>-0.109047</td>\n",
       "      <td>-0.118078</td>\n",
       "    </tr>\n",
       "    <tr>\n",
       "      <th>EFFR</th>\n",
       "      <td>-0.410903</td>\n",
       "      <td>-0.174644</td>\n",
       "      <td>-0.451216</td>\n",
       "      <td>-0.577224</td>\n",
       "      <td>-0.659322</td>\n",
       "      <td>0.818545</td>\n",
       "      <td>1.000000</td>\n",
       "      <td>-0.600679</td>\n",
       "      <td>0.240524</td>\n",
       "      <td>0.366443</td>\n",
       "      <td>-0.197322</td>\n",
       "      <td>-0.106194</td>\n",
       "      <td>-0.293082</td>\n",
       "      <td>-0.037531</td>\n",
       "      <td>-0.193479</td>\n",
       "    </tr>\n",
       "    <tr>\n",
       "      <th>M2</th>\n",
       "      <td>0.955133</td>\n",
       "      <td>0.222445</td>\n",
       "      <td>0.674739</td>\n",
       "      <td>0.976342</td>\n",
       "      <td>0.955745</td>\n",
       "      <td>-0.807842</td>\n",
       "      <td>-0.600679</td>\n",
       "      <td>1.000000</td>\n",
       "      <td>-0.051161</td>\n",
       "      <td>0.235553</td>\n",
       "      <td>0.756733</td>\n",
       "      <td>0.077871</td>\n",
       "      <td>-0.073987</td>\n",
       "      <td>-0.084847</td>\n",
       "      <td>0.092438</td>\n",
       "    </tr>\n",
       "    <tr>\n",
       "      <th>P/E</th>\n",
       "      <td>0.135877</td>\n",
       "      <td>0.237294</td>\n",
       "      <td>-0.314613</td>\n",
       "      <td>-0.142229</td>\n",
       "      <td>-0.253829</td>\n",
       "      <td>0.265956</td>\n",
       "      <td>0.240524</td>\n",
       "      <td>-0.051161</td>\n",
       "      <td>1.000000</td>\n",
       "      <td>0.652765</td>\n",
       "      <td>0.375954</td>\n",
       "      <td>-0.075589</td>\n",
       "      <td>-0.256907</td>\n",
       "      <td>-0.196086</td>\n",
       "      <td>0.176505</td>\n",
       "    </tr>\n",
       "    <tr>\n",
       "      <th>P/B</th>\n",
       "      <td>0.491163</td>\n",
       "      <td>0.163081</td>\n",
       "      <td>0.180001</td>\n",
       "      <td>0.224514</td>\n",
       "      <td>0.093110</td>\n",
       "      <td>0.069164</td>\n",
       "      <td>0.366443</td>\n",
       "      <td>0.235553</td>\n",
       "      <td>0.652765</td>\n",
       "      <td>1.000000</td>\n",
       "      <td>0.767402</td>\n",
       "      <td>0.078272</td>\n",
       "      <td>-0.338191</td>\n",
       "      <td>-0.002478</td>\n",
       "      <td>0.078551</td>\n",
       "    </tr>\n",
       "    <tr>\n",
       "      <th>P/S</th>\n",
       "      <td>0.901491</td>\n",
       "      <td>0.324619</td>\n",
       "      <td>0.633660</td>\n",
       "      <td>0.757502</td>\n",
       "      <td>0.668202</td>\n",
       "      <td>-0.519946</td>\n",
       "      <td>-0.197322</td>\n",
       "      <td>0.756733</td>\n",
       "      <td>0.375954</td>\n",
       "      <td>0.767402</td>\n",
       "      <td>1.000000</td>\n",
       "      <td>0.024026</td>\n",
       "      <td>-0.314583</td>\n",
       "      <td>0.024230</td>\n",
       "      <td>0.141316</td>\n",
       "    </tr>\n",
       "    <tr>\n",
       "      <th>VIX</th>\n",
       "      <td>0.043667</td>\n",
       "      <td>-0.394701</td>\n",
       "      <td>0.087783</td>\n",
       "      <td>0.061534</td>\n",
       "      <td>0.092748</td>\n",
       "      <td>-0.148995</td>\n",
       "      <td>-0.106194</td>\n",
       "      <td>0.077871</td>\n",
       "      <td>-0.075589</td>\n",
       "      <td>0.078272</td>\n",
       "      <td>0.024026</td>\n",
       "      <td>1.000000</td>\n",
       "      <td>0.714649</td>\n",
       "      <td>0.397379</td>\n",
       "      <td>-0.010909</td>\n",
       "    </tr>\n",
       "    <tr>\n",
       "      <th>CS</th>\n",
       "      <td>-0.204914</td>\n",
       "      <td>-0.624394</td>\n",
       "      <td>0.025228</td>\n",
       "      <td>-0.075609</td>\n",
       "      <td>0.018341</td>\n",
       "      <td>-0.191923</td>\n",
       "      <td>-0.293082</td>\n",
       "      <td>-0.073987</td>\n",
       "      <td>-0.256907</td>\n",
       "      <td>-0.338191</td>\n",
       "      <td>-0.314583</td>\n",
       "      <td>0.714649</td>\n",
       "      <td>1.000000</td>\n",
       "      <td>0.511936</td>\n",
       "      <td>0.059646</td>\n",
       "    </tr>\n",
       "    <tr>\n",
       "      <th>VOL</th>\n",
       "      <td>-0.063903</td>\n",
       "      <td>-0.273584</td>\n",
       "      <td>0.415151</td>\n",
       "      <td>0.046948</td>\n",
       "      <td>0.060683</td>\n",
       "      <td>-0.109047</td>\n",
       "      <td>-0.037531</td>\n",
       "      <td>-0.084847</td>\n",
       "      <td>-0.196086</td>\n",
       "      <td>-0.002478</td>\n",
       "      <td>0.024230</td>\n",
       "      <td>0.397379</td>\n",
       "      <td>0.511936</td>\n",
       "      <td>1.000000</td>\n",
       "      <td>-0.205582</td>\n",
       "    </tr>\n",
       "    <tr>\n",
       "      <th>CFTC</th>\n",
       "      <td>0.100525</td>\n",
       "      <td>0.087192</td>\n",
       "      <td>-0.077991</td>\n",
       "      <td>0.046478</td>\n",
       "      <td>0.055593</td>\n",
       "      <td>-0.118078</td>\n",
       "      <td>-0.193479</td>\n",
       "      <td>0.092438</td>\n",
       "      <td>0.176505</td>\n",
       "      <td>0.078551</td>\n",
       "      <td>0.141316</td>\n",
       "      <td>-0.010909</td>\n",
       "      <td>0.059646</td>\n",
       "      <td>-0.205582</td>\n",
       "      <td>1.000000</td>\n",
       "    </tr>\n",
       "  </tbody>\n",
       "</table>\n",
       "</div>"
      ],
      "text/plain": [
       "           SPX       PMI        IP        RS       CPI      10Y%      EFFR  \\\n",
       "SPX   1.000000  0.264405  0.671992  0.939347  0.878969 -0.692126 -0.410903   \n",
       "PMI   0.264405  1.000000  0.130330  0.216994  0.172046 -0.066753 -0.174644   \n",
       "IP    0.671992  0.130330  1.000000  0.801240  0.820139 -0.758581 -0.451216   \n",
       "RS    0.939347  0.216994  0.801240  1.000000  0.981871 -0.819791 -0.577224   \n",
       "CPI   0.878969  0.172046  0.820139  0.981871  1.000000 -0.878858 -0.659322   \n",
       "10Y% -0.692126 -0.066753 -0.758581 -0.819791 -0.878858  1.000000  0.818545   \n",
       "EFFR -0.410903 -0.174644 -0.451216 -0.577224 -0.659322  0.818545  1.000000   \n",
       "M2    0.955133  0.222445  0.674739  0.976342  0.955745 -0.807842 -0.600679   \n",
       "P/E   0.135877  0.237294 -0.314613 -0.142229 -0.253829  0.265956  0.240524   \n",
       "P/B   0.491163  0.163081  0.180001  0.224514  0.093110  0.069164  0.366443   \n",
       "P/S   0.901491  0.324619  0.633660  0.757502  0.668202 -0.519946 -0.197322   \n",
       "VIX   0.043667 -0.394701  0.087783  0.061534  0.092748 -0.148995 -0.106194   \n",
       "CS   -0.204914 -0.624394  0.025228 -0.075609  0.018341 -0.191923 -0.293082   \n",
       "VOL  -0.063903 -0.273584  0.415151  0.046948  0.060683 -0.109047 -0.037531   \n",
       "CFTC  0.100525  0.087192 -0.077991  0.046478  0.055593 -0.118078 -0.193479   \n",
       "\n",
       "            M2       P/E       P/B       P/S       VIX        CS       VOL  \\\n",
       "SPX   0.955133  0.135877  0.491163  0.901491  0.043667 -0.204914 -0.063903   \n",
       "PMI   0.222445  0.237294  0.163081  0.324619 -0.394701 -0.624394 -0.273584   \n",
       "IP    0.674739 -0.314613  0.180001  0.633660  0.087783  0.025228  0.415151   \n",
       "RS    0.976342 -0.142229  0.224514  0.757502  0.061534 -0.075609  0.046948   \n",
       "CPI   0.955745 -0.253829  0.093110  0.668202  0.092748  0.018341  0.060683   \n",
       "10Y% -0.807842  0.265956  0.069164 -0.519946 -0.148995 -0.191923 -0.109047   \n",
       "EFFR -0.600679  0.240524  0.366443 -0.197322 -0.106194 -0.293082 -0.037531   \n",
       "M2    1.000000 -0.051161  0.235553  0.756733  0.077871 -0.073987 -0.084847   \n",
       "P/E  -0.051161  1.000000  0.652765  0.375954 -0.075589 -0.256907 -0.196086   \n",
       "P/B   0.235553  0.652765  1.000000  0.767402  0.078272 -0.338191 -0.002478   \n",
       "P/S   0.756733  0.375954  0.767402  1.000000  0.024026 -0.314583  0.024230   \n",
       "VIX   0.077871 -0.075589  0.078272  0.024026  1.000000  0.714649  0.397379   \n",
       "CS   -0.073987 -0.256907 -0.338191 -0.314583  0.714649  1.000000  0.511936   \n",
       "VOL  -0.084847 -0.196086 -0.002478  0.024230  0.397379  0.511936  1.000000   \n",
       "CFTC  0.092438  0.176505  0.078551  0.141316 -0.010909  0.059646 -0.205582   \n",
       "\n",
       "          CFTC  \n",
       "SPX   0.100525  \n",
       "PMI   0.087192  \n",
       "IP   -0.077991  \n",
       "RS    0.046478  \n",
       "CPI   0.055593  \n",
       "10Y% -0.118078  \n",
       "EFFR -0.193479  \n",
       "M2    0.092438  \n",
       "P/E   0.176505  \n",
       "P/B   0.078551  \n",
       "P/S   0.141316  \n",
       "VIX  -0.010909  \n",
       "CS    0.059646  \n",
       "VOL  -0.205582  \n",
       "CFTC  1.000000  "
      ]
     },
     "execution_count": 25,
     "metadata": {},
     "output_type": "execute_result"
    }
   ],
   "source": [
    "##Correlation test\n",
    "\n",
    "fig, ax = plt.subplots(figsize=(14, 7))\n",
    "sn.heatmap(df.drop('date',axis=1).corr(), annot=True, fmt=\".2f\",vmax=1,vmin=-1)\n",
    "plt.title('Cross-Variable Correlations')\n",
    "plt.show()"
   ]
  },
  {
   "cell_type": "code",
   "execution_count": null,
   "metadata": {},
   "outputs": [],
   "source": [
    "## Variable Selection\n",
    "    # to mitigate multicollinearity, independent variables are narrowed down to five: (1)RS (2)CPI (3)10Y% (4)P/E (5)VOL\n",
    "    # the main consideration in variable selection is to filter out those that are not integrated of order 1 (for VECM)\n",
    "    # the remaining variables were selected based on the fitness/correlation to the S&P 500 Index"
   ]
  },
  {
   "cell_type": "code",
   "execution_count": 30,
   "metadata": {},
   "outputs": [
    {
     "data": {
      "text/html": [
       "<div>\n",
       "<style scoped>\n",
       "    .dataframe tbody tr th:only-of-type {\n",
       "        vertical-align: middle;\n",
       "    }\n",
       "\n",
       "    .dataframe tbody tr th {\n",
       "        vertical-align: top;\n",
       "    }\n",
       "\n",
       "    .dataframe thead th {\n",
       "        text-align: right;\n",
       "    }\n",
       "</style>\n",
       "<table border=\"1\" class=\"dataframe\">\n",
       "  <thead>\n",
       "    <tr style=\"text-align: right;\">\n",
       "      <th></th>\n",
       "      <th>SPX</th>\n",
       "      <th>RS</th>\n",
       "      <th>CPI</th>\n",
       "      <th>10Y%</th>\n",
       "      <th>P/E</th>\n",
       "      <th>VOL</th>\n",
       "    </tr>\n",
       "  </thead>\n",
       "  <tbody>\n",
       "    <tr>\n",
       "      <th>count</th>\n",
       "      <td>374.000000</td>\n",
       "      <td>374.000000</td>\n",
       "      <td>374.000000</td>\n",
       "      <td>374.000000</td>\n",
       "      <td>374.000000</td>\n",
       "      <td>3.740000e+02</td>\n",
       "    </tr>\n",
       "    <tr>\n",
       "      <th>mean</th>\n",
       "      <td>1593.017115</td>\n",
       "      <td>360.640115</td>\n",
       "      <td>205.736179</td>\n",
       "      <td>3.970622</td>\n",
       "      <td>20.044602</td>\n",
       "      <td>1.669701e+10</td>\n",
       "    </tr>\n",
       "    <tr>\n",
       "      <th>std</th>\n",
       "      <td>998.640801</td>\n",
       "      <td>128.168320</td>\n",
       "      <td>41.277248</td>\n",
       "      <td>1.810402</td>\n",
       "      <td>4.575148</td>\n",
       "      <td>9.262057e+09</td>\n",
       "    </tr>\n",
       "    <tr>\n",
       "      <th>min</th>\n",
       "      <td>403.690000</td>\n",
       "      <td>163.721000</td>\n",
       "      <td>138.300000</td>\n",
       "      <td>0.528200</td>\n",
       "      <td>10.646400</td>\n",
       "      <td>2.560000e+09</td>\n",
       "    </tr>\n",
       "    <tr>\n",
       "      <th>25%</th>\n",
